亚 141 29 22 3 87 0 
力 21 6 3 27 3 3 
佳 105 40 41 18 66 21
音  1  5   51 20  3 10 
延 78 5 3 6 3 0 
瑞 75 22 12 15 42 9 
燕 30 3 174 0 81 36 
增 48 24 0 3 0 0 
柏 21 0 4 0 6 0 
征 6 12 0 6 0 0 
正 78 10 0 9 15 0 
颜 0 0 0 0 0 6 
鸣 3 9 0 0 0 3 
证 3 1 0 0 0 0 
柳 9 9 10 0 6 3 
春 183 88 30 18 147 6 
健 54 39 6 87 3 0 
超 33 163 6 144 6 9 
帅 18 46 3 45 3 3 
聪 5 42 9 12 6 3 
刚 6 147 0 66 0 0 
芬 3 6 42 0 6 15 
璇 0 0 3 0 0 3 
鑫 42 100 18 105 18 12 
建 426 86 9 54 51 3 
德 147 48 3 0 18 0 
彦 42 7 12 6 21 9 
微 3 0 10 0 6 3 
静 9 6 65 12 27 105 
玉 192 38 68 3 144 6 
庆 141 87 9 18 24 6 
康 33 67 0 12 6 3 
晨 33 23 12 30 9 15 
赛 3 3 1 3 6 0 
青 42 70 36 6 15 15 
东 138 268 3 27 21 6 
朝 24 22 3 3 6 0 
忠 96 92 3 6 3 0 
少 96 8 3 0 21 0 
雨 12 25 21 12 24 6 
渊 0 9 3 3 0 0 
钦 12 18 3 6 3 0 
浩 60 75 3 30 30 9 
永 303 56 3 9 30 0 
凤 36 4 103 0 48 15 
仁 30 9 4 3 9 0 
书 24 14 6 0 9 0 
恒 24 27 0 36 0 3 
露 3 10 8 6 9 3 
洋 15 81 15 72 6 15 
联 6 3 3 0 0 3 
彩 6 0 5 0 57 0 
艳 42 1 97 0 144 63 
林 69 253 36 63 12 3 
金 234 39 10 3 99 3 
显 27 6 0 0 9 0 
莲 0 0 47 0 6 6 
瑶 3 0 15 3 3 9 
薇 0 0 12 0 0 6 
芳 12 6 170 0 33 72 
涛 6 221 6 159 0 0 
颖 6 7 21 3 12 36 
珍 0 6 75 6 15 18 
进 63 39 0 30 3 0 
雪 45 6 24 6 111 24 
贻 6 2 0 0 3 0 
莉 0 0 39 0 24 27 
甫 6 6 1 6 3 0 
波 9 221 27 87 0 6 
冠 9 1 0 3 3 0 
志 570 91 4 36 68 0 
新 129 119 11 0 45 6 
激 0 0 0 3 0 0 
兴 123 77 6 12 6 0 
海 300 129 7 24 135 0 
腾 18 21 0 24 3 0 
鸿 33 8 3 9 3 0 
清 42 59 37 3 24 0 
省 3 0 0 3 0 0 
兰 12 0 102 0 15 6 
敏 18 64 85 30 24 45 
安 30 60 7 6 20 3 
丽 30 0 225 0 264 60 
利 63 54 18 6 27 21 
霞 0 3 216 0 9 33 
彐 3 3 0 0 0 0 
余 6 9 6 6 3 0 
秋 33 21 8 0 57 0 
宾 9 57 0 3 0 0 
恩 12 15 5 0 3 0 
苏 6 0 4 0 21 3 
冬 30 28 6 18 51 3 
伟 165 453 42 200 33 18 
泉 6 34 3 6 0 3 
卫 54 21 4 3 24 0 
毅 6 24 0 30 6 3 
满 6 13 4 3 6 0 
曼 0 0 3 0 6 9 
莹 3 9 51 3 18 36 
儒 9 7 0 0 0 0 
骏 6 12 0 9 0 0 
峰 15 261 12 81 0 0 
万 57 6 0 0 6 0 
必 6 1 0 0 0 0 
慧 30 24 53 9 60 33 
观 9 4 0 3 6 0 
鹏 93 193 0 120 6 3 
连 33 24 27 0 6 0 
绍 39 2 0 0 9 0 
龙 84 400 3 72 6 0 
水 21 7 0 0 12 0 
桂 51 9 4 3 99 0 
桥 9 24 0 3 3 0 
李 9 3 0 0 15 0 
盛 24 22 0 3 0 0 
光 78 98 0 6 9 3 
园 3 6 12 0 3 3 
启 42 11 0 3 6 0 
胜 60 77 3 24 9 0 
昊 12 21 0 18 0 3 
洪 129 51 9 18 33 0 
传 66 7 0 0 9 0 
冲 0 6 0 15 0 0 
衍 12 0 0 0 0 0 
顺 30 33 3 9 3 0 
宁 12 45 9 30 15 24 
京 15 3 0 0 0 3 
妙 0 0 1 0 3 6 
盈 0 0 6 0 3 3 
士 24 1 1 0 3 0 
衡 3 12 0 0 0 3 
一 108 32 19 0 69 0 
舜 6 13 0 3 0 0 
丁 9 3 0 0 0 0 
素 3 0 3 0 36 0 
翔 0 18 0 36 3 3 
令 21 7 3 0 3 0 
信 15 7 0 3 3 0 
晶 9 4 12 9 15 21 
侠 3 0 16 3 0 0 
磊 9 93 0 114 12 1 
根 21 35 0 12 0 3 
娜 0 0 75 0 5 51 
铁 36 4 0 6 3 0 
明 189 346 21 57 45 3 
壮 0 6 0 12 0 0 
学 111 23 4 0 21 0 
振 174 30 1 15 3 0 
兆 42 9 0 0 3 0 
旭 69 58 3 69 6 6 
斐 0 0 3 3 0 6 
留 18 3 0 0 3 0 
梦 18 0 13 0 60 9 
敬 30 11 5 6 12 3 
攀 12 12 3 21 3 0 
立 153 31 9 12 30 3 
庭 3 6 1 3 3 0 
天 84 26 4 3 9 0 
然 3 24 21 6 0 3 
航 6 24 0 36 0 0 
啟 6 1 0 0 6 0 
中 51 36 0 0 6 0 
跃 18 20 0 9 3 3 
雅 12 0 16 0 69 3 
智 57 30 5 9 18 0 
娟 0 3 128 0 18 29 
豪 3 60 0 27 0 0 
祖 36 3 0 0 3 0 
英 45 15 172 3 15 15 
白 9 1 0 0 0 0 
帆 0 43 41 24 0 3 
珊 3 3 21 0 9 12 
成 114 152 0 45 18 0 
玮 0 6 6 3 0 3 
朋 15 40 0 15 0 3 
溥 3 3 0 0 0 0 
俊 189 95 6 72 27 6 
长 114 11 0 0 6 0 
远 33 56 3 9 6 6 
岩 3 15 0 36 3 9 
楚 6 0 1 0 3 0 
斓 0 0 0 0 0 3 
政 6 34 0 12 3 0 
发 21 33 6 0 6 0 
杰 15 337 38 111 0 24 
峥 3 3 3 6 3 0 
野 0 3 0 3 0 0 
曙 12 1 0 0 0 0 
震 0 3 0 24 6 0 
锦 57 12 3 0 6 0 
惠 15 0 16 0 21 6 
福 87 63 0 18 18 0 
秀 42 4 60 3 153 3 
实 0 3 3 3 0 0 
铭 18 31 0 6 3 0 
垒 0 0 0 6 0 0 
阔 0 3 0 3 0 0 
碧 6 1 3 0 15 0 
敦 6 1 0 0 0 0 
子 108 4 6 0 9 0 
家 99 17 0 0 15 0 
如 18 6 0 0 0 0 
平 18 243 69 42 6 21 
琦 3 12 6 21 0 9 
风 18 6 6 0 6 0 
川 3 33 4 15 3 0 
飞 36 253 24 72 3 6 
丹 3 6 55 15 42 66 
加 36 7 4 0 9 0 
会 27 24 9 0 21 3 
仲 12 1 0 0 0 0 
剑 36 7 0 24 12 0 
玲 3 3 165 0 45 30 
现 18 9 0 0 6 0 
孙 9 3 0 0 3 0 
松 33 76 4 42 6 0 
喜 42 22 0 3 9 0 
赟 0 6 1 6 6 0 
向 45 0 0 3 6 0 
庚 3 4 0 0 0 0 
悦 0 6 13 0 6 18 
勇 42 186 0 114 0 0 
杨 6 27 9 30 6 12 
峣 0 0 0 3 0 0 
奇 15 42 3 15 0 0 
甜 3 3 6 0 0 6 
凡 18 9 9 18 3 0 
薛 0 0 0 0 3 0 
兵 15 115 3 42 0 0 
北 3 0 0 0 0 0 
达 21 42 0 6 9 0 
炜 15 18 0 21 0 0 
彤 3 9 12 3 0 6 
迁 0 6 0 6 0 0 
世 132 9 0 0 27 0 
丕 6 0 0 0 3 0 
嘉 42 19 0 3 3 0 
遵 9 3 1 0 3 0 
斌 12 199 0 108 0 6 
木 15 9 0 0 0 0 
邦 9 4 1 3 3 0 
宏 99 66 3 9 3 0 
琛 0 6 4 3 6 0 
江 84 81 3 39 12 0 
大 108 3 0 0 3 0 
喆 0 6 0 6 0 3 
洲 6 12 0 12 0 0 
娇 3 0 42 0 6 21 
婷 0 3 116 0 36 60 
崔 0 0 1 0 3 0 
灵 6 12 4 6 12 0 
先 30 19 6 0 6 0 
昌 72 70 0 3 6 0 
银 30 24 3 0 12 3 
华 75 399 146 36 27 12 
创 3 10 0 0 0 0 
梅 0 6 210 3 21 27 
群 3 40 24 3 15 6 
泽 93 59 0 15 6 3 
维 45 17 6 18 24 0 
婕 0 0 3 0 0 9 
辉 12 291 29 102 3 9 
开 42 12 0 3 3 0 
琨 0 2 0 9 0 0 
昭 12 4 0 3 3 0 
凯 48 80 3 114 9 0 
雷 18 67 3 48 3 3 
坤 21 78 15 45 3 9 
义 33 36 0 12 15 6 
祚 12 0 0 0 0 0 
运 30 17 1 0 3 0 
冷 0 0 3 3 6 0 
瑾 0 0 3 3 0 0 
淑 12 3 7 0 75 0 
越 6 6 3 9 3 0 
猛 3 5 0 30 0 0 
倩 0 0 48 3 9 45 
治 15 4 0 0 3 0 
君 12 47 68 18 6 9 
贵 36 39 1 3 21 0 
鲁 12 6 0 3 3 0 
付 15 14 0 0 3 0 
蕊 0 0 3 0 3 12 
主 3 1 0 0 0 0 
道 15 10 0 0 3 0 
亮 36 154 0 126 3 3 
宇 75 144 38 66 21 6 
芦 0 0 0 0 3 0 
劭 3 1 0 0 0 0 
仓 0 6 0 3 0 0 
源 12 23 3 3 0 0 
堤 0 0 0 0 0 3 
强 15 388 0 147 0 3 
守 18 2 0 0 0 0 
阳 33 106 3 39 6 12 
团 6 1 0 0 0 0 
勋 3 15 0 3 0 0 
翀 0 0 0 3 0 0 
傲 0 0 0 3 3 0 
树 66 9 1 0 9 0 
莎 0 0 6 0 3 12 
良 27 87 3 12 6 0 
圣 21 3 0 3 3 0 
军 72 347 17 81 18 6 
琼 0 0 30 6 0 21 
统 3 0 0 0 0 0 
广 102 30 0 6 15 0 
友 33 45 3 3 6 0 
贤 18 42 11 0 3 3 
涤 6 1 0 0 0 0 
祺 3 12 0 3 0 0 
湘 9 7 3 0 0 0 
仅 0 0 3 0 3 0 
琴 0 0 110 0 9 15 
梓 12 1 1 3 3 0 
旺 3 44 0 12 3 0 
翠 0 0 16 0 48 6 
姗 0 0 20 0 15 0 
仕 24 6 0 0 12 0 
锡 18 7 0 0 3 0 
苹 0 3 9 0 0 3 
云 129 73 78 15 39 9 
巍 0 3 0 18 0 3 
彭 0 0 0 3 3 0 
巧 12 0 2 0 9 3 
梢 3 3 0 0 0 0 
薪 6 0 0 0 0 0 
钟 6 10 0 6 3 0 
特 3 0 0 3 0 0 
容 0 3 42 0 3 0 
四 12 1 0 0 0 0 
蜜 0 0 3 0 3 3 
映 9 3 5 3 6 0 
继 81 13 3 0 6 0 
为 9 6 6 3 3 0 
在 9 0 0 0 3 0 
居 9 0 0 0 0 0 
馨 0 0 0 3 6 0 
合 3 18 0 3 0 0 
杏 1 0 3 10 6 4 
欣 6 21 27 21 18 9 
鹃 0 0 6 0 3 18 
双 18 15 9 9 6 9 
日 9 6 3 0 3 0 
啸 12 3 0 3 3 0 
鸟 3 6 0 0 0 0 
焰 3 0 0 0 3 3 
萍 0 3 115 0 0 21 
雄 18 53 3 18 6 0 
楠 6 57 32 27 3 12 
纹 3 0 0 0 0 0 
生 24 135 3 9 3 0 
烜 0 0 0 3 0 0 
多 3 6 0 0 0 0 
琳 3 0 20 18 21 18 
善 24 3 0 0 9 0 
得 12 6 3 0 0 0 
椗 3 0 0 0 0 0 
森 12 46 0 18 0 3 
廷 27 29 3 0 0 0 
姣 3 0 23 0 6 3 
录 3 3 0 0 0 0 
谦 3 4 0 15 0 3 
业 24 27 3 0 0 0 
希 27 9 3 0 3 0 
乐 15 42 3 15 6 3 
添 9 9 0 0 0 0 
武 21 70 0 3 0 0 
孟 27 6 0 0 9 3 
仙 9 3 7 0 3 0 
汉 21 20 0 3 3 0 
西 27 9 6 3 3 0 
允 3 3 1 0 3 3 
齐 6 18 0 0 0 0 
佑 9 3 0 0 0 0 
蓉 0 0 35 0 6 6 
思 57 0 15 0 39 0 
首 3 0 0 0 0 0 
婧 0 0 1 0 9 12 
培 57 12 9 3 18 0 
舒 0 0 3 0 6 0 
祥 63 118 0 21 3 0 
方 27 54 6 3 12 6 
承 42 9 0 3 3 0 
二 9 3 0 0 3 0 
绮 0 0 1 0 3 0 
遂 3 1 0 0 0 0 
潭 0 3 0 3 0 0 
迪 0 3 12 15 0 9 
璐 6 0 9 6 9 12 
锐 0 15 0 27 0 0 
积 6 3 0 0 0 0 
孝 21 1 0 0 6 0 
菡 0 0 0 0 0 3 
羽 3 6 0 6 3 9 
格 6 1 1 0 6 0 
绩 3 0 0 0 0 0 
声 9 15 0 6 0 0 
昱 9 0 1 9 3 0 
琪 9 35 27 27 6 6 
俞 3 1 0 0 0 0 
改 0 0 0 0 6 0 
其 39 8 0 3 3 0 
淼 3 9 3 6 3 3 
颉 0 0 0 6 0 0 
献 9 5 0 0 0 0 
奕 6 3 4 3 6 0 
变 0 0 0 0 3 0 
卓 9 5 3 9 3 0 
克 33 4 0 12 3 0 
凌 21 7 0 0 9 3 
体 0 3 0 0 3 0 
琍 0 0 0 0 0 3 
戈 0 0 0 6 0 0 
香 9 3 49 3 12 0 
葱 0 0 0 0 0 3 
均 0 12 0 3 0 0 
尧 0 0 0 18 0 3 
可 12 6 0 6 9 3 
屹 3 0 1 3 6 0 
真 9 6 15 3 9 0 
花 6 0 48 0 3 6 
斯 9 0 0 0 3 0 
参 3 0 0 0 0 0 
臣 0 27 0 3 0 0 
婉 0 0 13 0 30 0 
威 15 35 0 36 0 0 
路 27 17 0 0 15 0 
好 6 3 3 3 0 0 
田 12 26 6 0 6 0 
曦 0 3 0 0 0 3 
印 6 15 0 3 3 0 
柯 0 0 0 3 3 0 
奥 3 0 0 3 0 0 
愿 3 0 0 0 0 3 
伯 12 2 0 0 0 0 
祝 3 0 0 0 0 0 
欢 9 26 12 21 9 9 
礼 18 24 0 0 3 0 
贺 9 9 0 9 9 0 
哲 6 21 2 21 0 0 
亦 3 0 0 0 3 0 
桐 0 6 3 3 0 3 
肖 12 3 6 0 0 0 
刘 9 3 0 0 0 0 
魏 3 0 0 0 0 0 
娥 0 0 23 0 3 6 
诗 9 0 6 0 6 0 
丰 9 24 0 15 3 3 
漫 0 0 3 3 0 0 
彬 12 113 3 27 3 3 
严 12 3 0 3 0 3 
益 15 2 0 3 9 0 
月 27 6 30 3 30 9 
校 3 3 0 3 0 0 
营 0 9 6 3 0 0 
茹 3 4 19 0 0 3 
时 12 9 0 0 3 0 
惺 0 0 0 3 0 0 
靖 12 17 0 9 3 6 
旗 3 4 0 3 0 0 
重 12 4 0 0 0 0 
影 0 0 6 0 0 12 
常 3 3 0 0 3 0 
获 0 0 0 3 0 0 
同 21 6 0 0 0 0 
耀 36 9 0 3 0 3 
媛 0 0 38 0 21 24 
能 9 3 0 0 0 0 
茂 42 25 3 3 3 0 
寿 18 18 0 0 0 0 
喻 3 0 0 0 0 0 
元 39 26 9 3 15 3 
艺 18 13 5 0 9 3 
举 6 20 0 0 0 0 
嫚 0 0 0 0 0 3 
佩 6 0 9 6 12 3 
久 6 0 0 0 0 0 
众 3 0 0 0 0 0 
术 9 0 0 0 0 0 
蒙 3 0 3 3 3 6 
妮 0 0 26 0 3 6 
冀 3 0 0 0 0 0 
策 3 6 0 3 0 0 
徐 3 0 0 0 3 0 
应 15 0 0 0 3 0 
乙 6 3 0 0 0 0 
革 3 6 0 0 0 0 
遥 3 3 0 3 0 0 
河 3 9 0 0 3 0 
殿 9 0 0 0 0 0 
捷 0 0 0 6 0 0 
聿 3 3 0 0 0 0 
艾 6 0 0 0 0 0 
烽 0 6 0 3 0 0 
爱 39 5 15 0 42 0 
筛 0 0 0 0 3 0 
阿 15 0 0 0 6 0 
佛 3 3 0 0 0 0 
禹 0 4 0 6 3 0 
高 45 34 0 6 3 0 
前 12 4 0 3 0 0 
菲 0 3 14 0 3 18 
钻 0 0 0 3 0 0 
炎 6 9 0 3 0 0 
菊 3 0 24 0 12 9 
自 30 3 0 0 12 0 
秉 3 0 0 0 0 0 
依 0 0 3 0 6 0 
劲 12 3 0 3 0 0 
煜 9 6 0 3 3 0 
罗 3 0 0 0 0 0 
法 3 5 0 0 0 0 
闯 6 8 0 12 0 0 
瑜 0 6 3 18 3 12 
品 6 3 0 0 3 0 
陈 6 0 0 3 3 0 
博 21 52 0 30 3 6 
再 12 1 0 0 0 0 
堂 3 16 0 0 0 0 
修 12 4 0 0 3 0 
渝 3 3 0 0 0 0 
童 0 3 3 3 3 3 
硕 0 3 0 12 0 0 
科 9 46 0 9 0 0 
登 30 5 2 3 0 0 
民 6 104 6 3 0 0 
钰 12 3 6 0 9 6 
苑 0 3 0 0 3 3 
甲 3 3 0 0 0 0 
俏 0 0 0 0 3 0 
雯 3 3 14 0 12 3 
迎 9 3 2 0 12 0 
闪 3 3 6 0 6 0 
官 3 0 3 0 3 0 
笠 3 0 0 3 0 0 
潇 3 0 2 0 0 6 
乃 15 0 0 0 3 0 
全 18 43 0 3 3 0 
黎 6 0 2 0 3 3 
復 3 0 0 0 0 0 
焜 0 3 0 3 0 0 
有 27 20 0 0 0 0 
夏 15 3 3 0 0 0 
洁 3 20 30 3 9 21 
山 15 92 0 9 0 0 
行 6 11 0 6 3 3 
粤 0 0 0 0 0 3 
争 6 3 0 0 0 3 
井 9 1 0 0 0 0 
爽 0 2 0 9 0 12 
墩 3 0 0 0 0 0 
惟 0 0 1 0 3 0 
芹 0 0 51 0 6 3 
霁 0 0 0 0 0 3 
宗 48 15 3 0 15 0 
紫 12 1 1 0 3 0 
奎 3 28 0 9 0 0 
程 9 27 6 3 0 0 
晗 0 3 5 3 3 0 
步 6 3 0 0 3 0 
督 0 0 0 3 0 0 
奉 15 0 0 0 0 0 
帮 6 3 0 0 0 0 
玥 0 0 0 3 0 0 
笃 6 0 0 0 0 0 
丛 3 0 0 0 3 0 
娅 0 0 6 0 6 0 
韦 0 0 0 3 0 0 
太 12 6 0 0 0 0 
结 6 0 0 0 0 0 
吉 30 26 0 0 3 0 
晴 3 8 6 0 3 0 
占 30 6 0 0 0 0 
才 18 39 0 0 0 0 
本 15 6 0 0 0 0 
灿 6 14 6 9 3 3 
栉 3 0 0 0 0 0 
绪 39 1 0 3 0 0 
铮 0 3 0 12 0 0 
肃 0 0 0 3 0 0 
鲲 0 0 0 0 3 0 
逢 3 0 0 0 3 0 
族 3 0 0 0 0 0 
轩 3 30 0 6 0 0 
侨 0 2 0 3 0 0 
於 3 0 0 0 0 0 
非 3 7 0 0 0 0 
樟 3 2 0 0 0 0 
已 9 3 0 0 0 0 
炳 15 9 0 0 3 0 
起 6 12 3 0 0 0 
贝 9 7 9 3 9 0 
领 9 2 0 0 3 0 
作 12 1 0 0 0 0 
述 6 3 0 0 0 0 
勤 12 14 6 9 3 6 
效 9 0 3 0 3 0 
珠 6 12 23 0 0 0 
郑 0 0 0 6 0 0 
崇 15 3 0 0 3 0 
烁 0 0 2 3 0 3 
逸 12 3 0 3 3 3 
冰 12 9 9 12 9 3 
轮 3 0 0 0 0 0 
蔓 0 0 3 3 3 0 
扩 3 0 0 0 0 0 
淋 3 0 0 0 3 0 
恬 0 0 0 0 3 0 
量 0 3 0 3 0 0 
停 3 3 0 0 0 0 
键 3 0 0 6 0 0 
熠 0 0 0 0 0 3 
锂 3 3 0 0 0 0 
工 3 0 0 0 0 0 
经 6 4 0 0 0 0 
滢 0 0 0 0 0 6 
社 3 0 0 0 3 0 
榜 3 3 0 0 0 0 
萌 12 6 6 3 3 9 
琮 6 3 0 0 0 0 
吴 3 0 0 0 0 0 
钢 3 22 0 6 0 3 
晟 12 6 0 3 0 3 
杉 0 0 0 6 0 0 
普 3 9 0 0 0 0 
碘 3 0 0 0 0 0 
狄 0 0 0 3 0 3 
纳 3 0 1 0 3 0 
闽 3 3 0 0 0 0 
枫 3 9 2 3 0 0 
旸 0 0 0 6 0 0 
星 21 52 8 9 6 3 
铂 3 3 0 0 0 0 
魁 6 3 0 6 0 0 
岳 3 9 1 0 3 0 
玖 0 0 0 0 3 0 
扬 12 6 2 9 3 3 
院 6 0 0 0 0 0 
鹤 3 2 3 0 0 3 
朗 3 3 0 0 0 3 
牧 0 0 0 0 3 0 
绿 3 0 0 0 0 0 
布 3 3 0 0 0 0 
栋 12 59 0 0 0 0 
镜 3 0 0 0 0 3 
肇 3 0 0 0 0 0 
蝶 0 0 0 3 0 0 
润 18 15 3 3 6 3 
权 6 66 0 12 0 0 
年 3 3 3 0 0 0 
来 15 35 2 3 0 0 
富 21 43 2 3 0 0 
霖 0 11 7 12 3 0 
弘 6 3 0 0 0 0 
镇 12 0 0 6 0 0 
亨 0 5 0 3 0 0 
相 21 3 0 0 0 0 
张 0 2 0 0 3 0 
瑛 0 0 8 0 0 9 
复 3 1 0 0 0 0 
锋 0 81 6 36 0 0 
蜀 6 0 0 0 0 0 
驰 0 3 0 3 0 6 
展 12 17 0 0 0 0 
竣 3 3 0 0 0 0 
笛 0 0 0 3 0 3 
岑 3 0 0 0 0 0 
宣 3 0 0 0 0 3 
蕾 3 12 22 3 0 6 
芮 0 0 0 0 0 3 
之 9 0 3 0 0 0 
懿 3 3 0 0 3 0 
尚 18 0 0 6 6 0 
尽 3 0 0 0 3 0 
玺 0 4 0 3 0 3 
桃 0 6 5 0 0 9 
欧 0 0 0 0 3 0 
纯 9 11 8 3 6 6 
涌 0 0 0 6 0 0 
宪 12 3 3 0 3 0 
珈 3 0 0 0 0 0 
茵 0 0 0 0 0 9 
申 3 3 0 3 0 0 
绵 6 3 0 0 3 0 
楷 3 3 0 0 0 0 
犇 0 0 0 3 0 0 
怀 9 0 0 0 3 0 
召 3 3 0 3 3 0 
王 9 0 0 0 3 0 
钊 0 12 0 9 0 0 
关 6 0 0 0 0 0 
果 3 5 0 3 0 0 
莫 0 2 0 3 0 0 
穗 3 0 0 0 0 0 
唐 3 3 0 0 3 0 
徒 3 0 3 0 3 0 
斋 3 3 0 0 0 0 
皓 0 2 0 18 0 3 
埔 3 3 0 0 0 0 
韬 0 5 0 6 0 0 
虎 3 54 0 18 0 0 
和 9 13 0 0 0 0 
沿 3 1 3 0 3 0 
奋 3 0 0 0 0 0 
曜 3 1 0 0 0 0 
杜 0 0 0 0 3 0 
辅 3 0 0 0 0 0 
原 3 8 0 3 0 0 
化 6 0 2 0 0 0 
恋 0 0 0 3 0 0 
漪 0 0 3 0 3 0 
沥 3 3 0 0 0 0 
聚 15 2 0 0 3 0 
桩 0 0 0 3 0 0 
乘 3 0 0 0 0 0 
麦 3 0 0 0 0 0 
诚 3 5 0 6 0 0 
企 3 0 0 0 0 0 
菱 0 0 1 0 3 0 
沛 3 0 0 6 0 0 
佰 3 0 0 0 0 0 
列 0 2 0 3 0 0 
唯 0 0 3 0 0 3 
纪 15 0 0 0 3 0 
乾 12 14 0 6 3 0 
坚 6 23 5 3 0 0 
呈 6 0 0 3 3 0 
三 21 6 0 3 0 0 
含 0 0 3 0 0 3 
语 0 0 0 3 0 0 
言 6 9 0 0 0 0 
睿 6 0 0 6 0 0 
植 3 0 0 0 3 0 
茶 0 0 0 0 3 0 
犁 0 0 0 3 0 0 
标 0 26 0 9 0 0 
峻 12 9 2 0 0 3 
壅 3 0 0 0 0 0 
功 6 2 0 0 0 0 
裕 12 3 0 0 6 3 
骞 0 3 0 6 0 0 
保 21 13 0 0 3 0 
代 18 3 0 0 6 0 
妹 0 0 18 0 6 0 
彰 3 0 0 0 0 0 
存 3 8 7 3 0 0 
蓓 3 3 3 0 3 0 
岭 0 10 0 0 0 3 
埼 0 0 0 3 0 0 
冯 0 0 0 3 0 0 
寒 3 0 3 0 0 0 
盼 6 0 15 9 15 0 
麟 0 9 0 3 0 0 
珺 0 0 2 3 3 0 
榕 3 3 0 0 0 3 
南 15 40 3 6 0 0 
禄 3 6 0 0 0 0 
圆 3 0 13 0 3 0 
恕 0 0 0 0 3 0 
泳 3 8 5 0 3 3 
怿 0 0 3 0 3 0 
未 3 0 0 3 0 0 
昶 3 6 0 3 0 0 
尹 6 0 3 0 0 0 
恺 0 0 0 6 0 0 
百 3 0 0 0 0 0 
定 24 2 3 0 0 0 
研 3 0 0 0 0 0 
育 27 0 0 0 0 0 
瀚 0 0 0 0 3 0 
蔚 0 5 0 3 0 3 
训 6 0 0 0 0 0 
草 3 0 3 0 0 0 
荷 0 0 0 0 6 0 
烨 3 3 0 6 0 3 
宜 3 0 3 0 6 0 
炽 3 0 0 0 0 0 
厚 6 0 0 0 0 0 
壹 3 0 0 0 0 0 
公 6 0 0 0 0 0 
竹 3 3 6 0 0 0 
鲜 0 0 6 0 3 0 
记 3 2 0 0 0 0 
章 6 21 0 0 3 0 
沙 0 0 3 0 3 3 
响 3 3 0 0 0 0 
宽 3 7 0 6 0 0 
阵 0 0 0 3 0 0 
砚 3 0 0 0 0 0 
池 3 2 0 0 0 0 
考 0 0 3 0 3 0 
丙 6 0 0 0 0 0 
浏 0 0 0 3 0 0 
净 0 0 0 0 3 0 
梁 6 7 2 6 0 0 
感 0 0 0 0 3 0 
迺 0 0 0 0 3 0 
换 0 3 3 0 6 0 
石 9 11 0 3 3 0 
宸 0 0 0 3 0 0 
璧 0 0 0 0 3 0 
舰 0 3 0 3 0 0 
寅 0 3 0 3 0 0 
演 0 0 0 0 3 0 
炼 3 0 0 0 0 0 
洵 3 0 0 3 0 0 
心 9 0 9 0 3 0 
伦 0 10 2 3 0 0 
枚 0 0 3 0 3 0 
从 9 0 0 0 0 0 
环 3 3 9 3 6 0 
笑 6 0 8 3 6 3 
想 3 0 0 5 0 3 
棚 0 0 0 3 0 0 
谋 6 3 0 0 0 0 
茜 0 0 0 0 0 6 
鉴 3 0 0 0 0 0 
招 3 3 0 0 3 0 
意 3 7 3 0 3 0 
烟 3 3 0 0 0 0 
霄 3 9 0 0 0 0 
慰 3 0 0 0 0 0 
筑 0 0 0 0 0 3 
听 0 0 3 0 3 0 
见 3 6 0 3 0 0 
滕 3 3 0 0 0 0 
馥 3 0 1 0 3 0 
凝 3 0 3 0 0 0 
钧 0 3 0 3 0 3 
孔 0 3 0 0 3 0 
律 0 0 0 0 3 0 
焕 9 0 7 3 3 0 
尊 6 1 0 0 0 0 
周 0 14 0 3 3 0 
乔 6 3 0 0 3 0 
柱 3 14 0 0 0 0 
飘 0 0 3 0 3 0 
柚 3 0 0 0 0 0 
妍 0 0 6 0 0 9 
珂 0 3 0 3 3 6 
基 6 9 0 0 0 0 
奔 0 2 0 6 0 0 
支 3 0 0 0 0 0 
升 15 14 0 12 0 0 
幸 0 2 2 6 3 3 
尔 3 5 0 0 0 0 
照 6 8 0 0 0 0 
靓 0 0 0 0 0 3 
涵 3 7 8 6 0 0 
当 3 0 0 0 0 0 
倍 0 2 0 0 3 0 
勐 0 0 0 3 0 0 
赵 6 0 0 0 0 0 
炫 6 3 0 0 0 0 
璋 0 4 0 3 0 3 
通 3 3 0 6 0 0 
淦 3 3 0 0 0 0 
钒 0 0 0 3 0 0 
媚 0 0 8 0 0 3 
册 3 0 0 0 0 0 
轶 3 3 3 3 0 0 
随 3 0 0 0 0 0 
仇 3 0 0 0 0 0 
无 0 0 0 0 3 0 
淙 0 0 0 3 0 0 
拥 3 0 0 0 0 0 
陆 3 2 0 0 0 0 
湖 3 0 0 0 0 0 
晋 6 3 0 3 0 0 
泓 3 0 0 0 0 3 
郁 3 0 2 0 0 0 
聃 0 0 0 0 0 3 
涉 0 0 0 3 0 0 
沁 6 0 0 0 0 0 
翌 3 0 0 0 0 0 
岗 0 8 0 3 0 0 
拓 3 0 0 0 0 0 
执 0 0 0 3 0 0 
七 3 0 0 0 0 0 
战 3 0 0 0 3 0 
拉 3 5 3 0 0 0 
嘎 0 0 0 3 0 0 
炟 0 0 0 3 0 0 
佶 3 0 0 0 0 0 
各 3 0 0 0 0 0 
曲 0 0 0 0 0 3 
岁 3 0 0 0 0 0 
瑰 3 0 0 0 0 0 
委 0 0 0 3 0 0 
垂 3 3 0 0 0 0 
豫 6 3 0 0 0 0 
裴 0 0 0 3 0 0 
堋 0 0 0 3 0 0 
则 6 1 0 0 0 0 
繁 3 0 0 3 3 0 
畅 0 0 0 0 0 3 
以 9 0 0 0 0 0 
称 0 0 0 0 3 0 
陶 3 5 0 0 0 0 
伊 0 0 2 0 3 0 
序 3 0 0 0 0 0 
期 3 3 0 0 0 0 
城 3 18 0 6 0 0 
翼 0 0 3 0 3 0 
蕴 3 0 0 0 0 0 
仑 0 0 0 3 0 0 
捍 3 0 0 0 0 0 
嫣 0 0 0 0 3 0 
巨 6 0 0 0 0 0 
臻 0 0 0 3 0 0 
淘 3 3 0 0 0 0 
挺 0 0 0 3 0 0 
韵 0 0 2 0 6 0 
昕 3 3 0 6 0 0 
老 3 1 0 0 0 0 
圳 3 2 0 0 0 0 
麒 3 0 0 0 0 0 
骁 0 2 0 3 0 0 
窍 0 0 0 0 3 0 
潮 3 10 0 0 0 0 
枭 0 2 0 3 0 0 
选 3 0 0 0 0 0 
旋 0 4 0 3 0 0 
卉 0 0 0 0 0 3 
吾 3 0 0 0 0 0 
亭 0 5 7 0 6 0 
淮 3 0 0 0 0 0 
协 3 0 0 0 0 0 
九 3 0 0 0 6 0 
浪 0 4 0 6 0 3 
芝 6 2 18 0 3 0 
乌 3 0 0 0 0 0 
芯 0 0 3 0 3 0 
弟 0 4 0 3 0 0 
哓 3 0 0 0 0 0 
芩 0 0 3 0 3 0 
后 0 0 0 0 3 0 
咪 0 0 3 0 3 0 
党 3 2 0 0 0 0 
辰 3 9 8 0 3 0 
火 3 0 0 0 0 0 
垫 0 0 0 0 3 0 
土 6 2 0 0 0 0 
引 0 0 3 0 3 0 
遗 3 0 0 0 0 0 
隐 3 0 0 0 0 0 
雲 3 0 0 0 0 0 
桓 3 0 0 0 0 0 
精 3 0 0 0 0 0 
劼 3 0 0 0 0 0 
叶 9 4 4 0 0 0 
津 3 0 0 0 0 0 
劳 0 0 0 0 3 0 
胤 3 0 0 0 0 0 
若 3 3 0 0 3 0 
吕 6 3 0 0 0 0 
任 6 2 0 0 0 0 
畔 0 0 0 0 0 3 
财 3 12 0 0 0 0 
沂 3 0 0 0 0 0 
鄢 0 0 0 0 3 0 
荻 0 0 0 0 3 0 
情 0 3 3 0 0 3 
象 3 0 0 0 0 0 
逖 3 0 0 0 0 0 
汝 0 0 0 0 0 3 
竞 0 0 0 0 3 0 
消 0 0 0 3 0 0 
隆 0 17 0 6 0 0 
渠 0 3 0 3 0 0 
毓 3 3 0 0 0 0 
农 3 4 0 0 0 0 
练 0 0 0 0 3 0 
芷 0 0 0 0 3 0 
骥 0 0 0 6 0 0 
节 3 2 0 0 0 0 
名 9 2 0 0 0 0 
潞 3 0 0 0 0 0 
上 6 3 0 0 0 0 
塑 0 0 0 0 0 3 
厦 0 0 3 0 3 0 
冉 0 0 6 3 3 0 
茫 0 0 3 0 3 0 
许 0 0 0 0 3 0 
稳 0 0 2 3 3 0 
炯 3 3 2 3 0 0 
翱 3 0 0 3 0 0 
谡 3 0 0 0 0 0 
抱 3 0 0 0 0 0 
昆 0 6 0 3 0 0 
千 3 2 0 0 0 0 
调 3 0 0 0 0 0 
五 3 0 0 0 0 0 
炬 3 0 0 0 0 0 
早 3 0 0 0 0 0 
迟 0 0 0 3 0 0 
黄 0 0 0 3 0 0 
芸 0 0 6 0 0 3 
谷 0 2 0 0 3 0 
豆 3 3 0 0 0 0 
灯 3 0 0 0 0 0 
雁 3 4 2 3 0 0 
诸 0 0 0 0 3 0 
勃 0 2 0 3 0 0 
澄 3 0 0 0 0 0 
驹 0 2 0 3 0 0 
芃 0 0 0 3 0 0 
游 0 2 0 3 0 0 
买 3 0 0 0 0 0 
娘 3 3 2 0 0 0 
临 3 0 0 0 0 0 
烈 3 0 0 0 0 0 
侃 3 2 0 0 0 0 
琰 3 0 2 0 0 0 
默 3 0 0 0 0 0 
弯 0 0 3 0 3 0 
搏 3 0 0 0 0 0 
活 0 0 0 0 3 0 
钱 3 0 0 0 0 0 
绥 3 0 0 0 0 0 
柒 3 3 0 0 0 0 
深 6 6 0 0 0 0 
拯 0 0 0 3 0 0 
枝 3 4 5 0 0 0 
觉 0 0 0 3 0 0 
锁 0 6 0 3 0 0 
八 3 5 0 0 0 0 
滨 3 10 2 3 3 0 
续 0 0 0 3 0 0 
韶 3 0 0 0 0 0 
虹 0 0 13 3 0 3 
载 3 0 0 0 0 0 
盾 0 2 0 3 0 0 
际 3 0 0 0 0 0 
访 3 0 0 0 0 0 
骐 3 0 0 0 0 0 
晏 0 0 0 3 0 0 
仰 3 0 0 0 0 0 
堃 4 8 0 3 0 0 
翰 0 4 0 0 3 0 
侯 3 0 0 0 0 0 
势 0 0 0 3 0 0 
贡 7 5 0 0 0 0 
牛 3 0 0 0 0 0 
苗 0 0 7 0 3 0 
堡 3 3 0 0 0 0 
习 0 0 0 0 3 0 
赏 0 0 0 3 0 0 
慈 3 2 0 0 0 0 
瀛 0 0 0 3 0 0 
秦 7 0 0 0 0 0 
潼 0 0 0 3 0 0 
勰 0 0 0 3 0 0 
辛 0 0 0 0 3 0 
筠 0 0 0 3 0 0 
羊 3 3 0 0 0 0 
涔 0 0 0 3 0 0 
腊 0 0 0 0 3 0 
崎 0 0 0 3 0 0 
璨 0 0 0 0 0 3 
澜 0 0 0 3 0 0 
啊 3 0 0 0 0 0 
芙 0 0 0 0 3 0 
舟 0 8 0 3 0 0 
END 30731 12505 5699 2393
